1697227126052,51
1697227131006,6
1697227136006,5
1697227141009,5
1697227146011,5
1697227151013,6
1697227156024,12
1697227161021,4
1697227166021,4
1697227171027,5
1697227176027,4
1697227181028,5
1697227186038,9
1697227191039,5
1697227196039,5
1697227201041,5
1697227206046,5
1697227211047,5
1697227216058,10
1697227221057,4
1697227226056,3
1697227231062,4
1697227236067,4
1697227241067,4
1697227246079,11
1697227251074,5
1697227256073,4
1697227261078,4
1697227266083,4
1697227271084,4
1697227276089,7
1697227281097,10
1697227286091,4
1697227291099,7
1697227296095,4
1697227301096,4
1697227306096,4
1697227311100,7
1697227316096,3
1697227321096,3
1697227326096,3
1697227331095,2
1697227336096,4
1697227341098,5
1697227346096,2
1697227351097,3
1697227356097,2
1697227361097,3
1697227366097,2
1697227371104,9
1697227376099,3
1697227381099,3
1697227386099,2
1697227391100,3
1697227396100,3
1697227401104,7
1697227406100,2
1697227411100,2
1697227416101,3
1697227421101,3
1697227426103,4
1697227431107,7
1697227436103,3
1697227441104,3
1697227446103,3
1697227451104,3
1697227456106,4
1697227461108,6
1697227466105,2
1697227471105,3
1697227476106,3
1697227481108,5
1697227486111,7
1697227491107,2
1697227496107,2
1697227501107,2
1697227506108,3
1697227511111,5
1697227516108,3
1697227521109,3
1697227526109,2
1697227531109,2
1697227536110,3
1697227541113,5
1697227546111,3
1697227551110,2
1697227556110,2
1697227561110,2
1697227566111,3
1697227571114,6
1697227576110,2
1697227581110,3
1697227586110,3
1697227591111,3
1697227596114,6
1697227601110,2
1697227606112,3
1697227611113,2
1697227616113,2
1697227621115,5
1697227626114,3
1697227631114,2
1697227636114,3
1697227641114,2
1697227646115,3
1697227651119,6
1697227656116,3
1697227661115,3
1697227666116,3
1697227671116,2
1697227676117,3
1697227681119,5
1697227686116,2
1697227691117,3
1697227696118,3
1697227701117,2
1697227706118,3
1697227711122,6
1697227716120,3
1697227721120,3
1697227726121,4
1697227731121,2
1697227736127,8
1697227741121,2
1697227746121,2
1697227751122,3
1697227756122,2
1697227761124,4
1697227766125,5
1697227771123,2
1697227776124,3
1697227781124,3
1697227786124,2
1697227791124,3
1697227796128,6
1697227801124,2
1697227806125,3
1697227811125,3
1697227816125,2
1697227821128,5
1697227826126,2
1697227831127,3
1697227836126,2
1697227841126,2
1697227846129,5
1697227851127,2
1697227856127,3
1697227861127,2
1697227866128,2
1697227871129,3
1697227876134,8
1697227881129,3
1697227886128,3
1697227891129,3
1697227896129,2
1697227901130,3
1697227906129,2
1697227911129,2
1697227916130,3
1697227921129,2
1697227926131,4
1697227931131,5
1697227936129,2
1697227941129,2
1697227946130,3
1697227951131,3
1697227956131,3
1697227961134,5
1697227966131,2
1697227971131,3
1697227976131,3
1697227981131,2
1697227986135,6
1697227991132,3
1697227996133,3
1697228001134,3
1697228006134,3
1697228011135,3
1697228016135,3
1697228021138,5
1697228026136,2
1697228031137,3
1697228036136,2
1697228041137,3
1697228046137,3
1697228051136,2
1697228056136,2
1697228061140,6
1697228066139,3
1697228071140,4
1697228076138,3
1697228081139,4
1697228086139,3
1697228091139,2
1697228096143,6
1697228101139,3
1697228106139,2
1697228111140,3
1697228116140,2
1697228121140,2
1697228126140,2
1697228131143,5
1697228136142,3
1697228141141,2
1697228146141,2
1697228151143,4
1697228156143,3
1697228161143,3
1697228166143,3
1697228171143,2
1697228176143,2
1697228181144,3
1697228186143,2
1697228191146,5
1697228196144,3
1697228201145,3
1697228206145,3
1697228211148,5
1697228216145,2
1697228221145,2
1697228226145,2
1697228231145,2
1697228236145,3
1697228241149,6
1697228246147,4
1697228251146,2
1697228256146,3
1697228261148,4
1697228266148,5
1697228271146,2
1697228276146,3
1697228281146,3
1697228286146,2
1697228291149,4
1697228296149,5
1697228301147,3
1697228306147,2
1697228311147,2
1697228316148,3
1697228321153,8
1697228326148,3
1697228331149,3
1697228336148,2
1697228341148,2
1697228346148,2
1697228351150,4
1697228356148,2
1697228361150,4
1697228366148,3
1697228371150,4
1697228376153,6
1697228381149,2
1697228386150,3
1697228391151,3
1697228396150,3
1697228401151,3
1697228406155,6
1697228411152,2
1697228416152,3
1697228421152,2
1697228426153,3
1697228431156,6
1697228436153,2
1697228441153,2
1697228446152,2
1697228451153,2
1697228456154,3
1697228461155,4
1697228466153,2
1697228471153,2
1697228476154,3
1697228481154,2
1697228486157,5
1697228491155,2
1697228496156,2
1697228501156,3
1697228506156,2
1697228511157,3
1697228516161,6
1697228521158,2
1697228526159,3
1697228531158,2
1697228536158,3
1697228541159,3
1697228546163,7
1697228551159,2
1697228556159,3
1697228561159,2
1697228566160,3
1697228571161,3
1697228576164,5
1697228581161,2
1697228586161,2
1697228591162,3
1697228596162,3
1697228601166,6
1697228606164,3
1697228611164,2
1697228616164,3
1697228621164,2
1697228626165,3
1697228631168,5
1697228636166,3
1697228641167,3
1697228646167,2
1697228651167,2
1697228656168,2
1697228661171,5
1697228666169,2
1697228671169,2
1697228676169,2
1697228681170,3
1697228686174,7
1697228691170,3
1697228696169,2
1697228701169,2
1697228706169,3
1697228711172,5
1697228716173,5
1697228721170,2
1697228726171,3
1697228731172,3
1697228736172,3
1697228741173,3
1697228746174,4
1697228751172,2
1697228756173,3
1697228761173,3
1697228766173,2
1697228771177,6
1697228776174,3
1697228781173,2
1697228786173,2
1697228791173,2
1697228796175,4
1697228801174,3
1697228806178,6
1697228811176,3
1697228816176,2
1697228821176,2
1697228826177,3
1697228831178,5
1697228836176,2
1697228841178,4
1697228846180,5
1697228851179,3
1697228856180,3
1697228861183,6
1697228866179,3
1697228871180,3
1697228876180,3
1697228881181,3
1697228886186,6
1697228891182,2
1697228896182,3
1697228901183,3
1697228906183,3
1697228911184,3
1697228916185,5
1697228921183,2
1697228926184,3
1697228931184,2
1697228936185,3
1697228941188,6
1697228946185,3
1697228951184,2
1697228956184,2
1697228961184,2
1697228966184,2
1697228971188,6
1697228976184,2
1697228981184,3
1697228986185,3
1697228991185,2
1697228996186,3
1697229001189,6
1697229006187,3
1697229011187,2
1697229016188,3
1697229021189,3
1697229026194,7
1697229031190,3
1697229036191,3
1697229041190,2
1697229046190,3
1697229051191,3
1697229056194,5
1697229061191,2
1697229066192,3
1697229071195,5
1697229076199,7
1697229081201,6
1697229086200,5
1697229091199,3
1697229096200,3
1697229101203,7
1697229106200,3
1697229111203,6
1697229116206,5
1697229121204,2
1697229126204,2
1697229131205,3
1697229136212,10
1697229141217,7
1697229146214,4
1697229151218,9
1697229156212,2
1697229161227,3
1697229166225,2
1697229171228,4
1697229176232,8
1697229181226,3
1697229186227,3
1697229191229,5
1697229196227,3
1697229201229,3
1697229206229,3
1697229211228,2
1697229216229,3
1697229221232,6
1697229226229,3
1697229231230,3
1697229236229,2
1697229241229,2
1697229246229,2
1697229251233,6
1697229256229,2
1697229261230,3
1697229266229,2
1697229271230,4
1697229276229,3
1697229281231,4
1697229286229,2
1697229291231,4
1697229296230,3
1697229301241,13
1697229306234,5
1697229311231,3
1697229316231,2
1697229321231,2
1697229326232,3
1697229331234,5
1697229336232,3
1697229341232,3
1697229346232,3
1697229351231,2
1697229356232,3
1697229361238,7
1697229366234,2
1697229371236,4
1697229376234,3
1697229381235,3
1697229386234,2
1697229391236,5
1697229396235,3
1697229401235,3
1697229406235,3
1697229411237,4
1697229416239,5
1697229421238,3
1697229426238,2
1697229431239,2
1697229436240,4
1697229441239,2
1697229446240,3
1697229451243,6
1697229456239,3
1697229461239,3
1697229466241,5
1697229471240,3
1697229476239,2
1697229481239,2
1697229486240,3
1697229491240,2
1697229496243,5
1697229501241,2
1697229506241,2
1697229511241,3
1697229516242,4
1697229521243,4
1697229526244,4
1697229531243,2
1697229536244,2
1697229541244,3
1697229546244,3
1697229551250,6
1697229556248,3
1697229561248,2
1697229566250,3
1697229571250,3
1697229576251,4
1697229581249,2
1697229586250,3
1697229591250,3
1697229596250,3
1697229601253,6
1697229606250,2
1697229611251,3
1697229616251,2
1697229621252,3
1697229626253,3
1697229631255,4
1697229636254,3
1697229641253,2
1697229646253,2
1697229651253,3
1697229656256,5
1697229661253,3
1697229666253,2
1697229671253,2
1697229676253,2
1697229681255,4
1697229686253,2
1697229691252,2
1697229696253,3
1697229701253,2
1697229706254,3
1697229711258,7
1697229716254,2
1697229721256,5
1697229726254,3
1697229731254,3
1697229736259,7
1697229741254,2
1697229746254,2
1697229751254,3
1697229756254,3
1697229761255,3
1697229766255,3
1697229771254,3
1697229776254,3
1697229781254,3
1697229786254,2
1697229791255,3
1697229796256,5
1697229801254,2
1697229806254,2
1697229811254,3
1697229816255,3
1697229821256,4
1697229826254,2
1697229831254,3
1697229836254,2
1697229841255,2
1697229846256,3
1697229851256,3
1697229856256,4
1697229861257,3
1697229866256,2
1697229871256,3
1697229876256,2
1697229881258,4
1697229886257,2
1697229891259,3
1697229896259,2
1697229901259,2
1697229906260,3
1697229911262,5
1697229916259,2
1697229921259,2
1697229926260,3
1697229931261,3
1697229936263,6
1697229941260,2
1697229946260,3
1697229951260,2
1697229956260,2
1697229961260,3
1697229966262,5
1697229971261,3
1697229976261,3
1697229981261,3
1697229986261,3
1697229991262,3
1697229996262,3
1697230001261,2
1697230006261,2
1697230011261,3
1697230016261,2
1697230021264,5
1697230026261,2
1697230031261,2
1697230036262,2
1697230041262,2
1697230046262,3
1697230051264,4
1697230056262,2
1697230061262,3
1697230066263,3
1697230071265,4
1697230076264,2
1697230081267,6
1697230086264,3
1697230091264,3
1697230096265,3
1697230101265,2
1697230106266,3
1697230111268,5
1697230116266,2
1697230121266,2
1697230126266,2
1697230131266,3
1697230136266,2
1697230141269,5
1697230146267,2
1697230151267,2
1697230156267,3
1697230161267,3
1697230166269,4
1697230171267,2
1697230176267,2
1697230181268,3
1697230186268,2
1697230191268,3
1697230196277,7
1697230201272,2
1697230206272,3
1697230211272,2
1697230216272,2
1697230221274,4
1697230226272,3
1697230231272,2
1697230236272,2
1697230241272,3
1697230246273,4
1697230251274,4
1697230256273,4
1697230261272,3
1697230266272,3
1697230271272,2
1697230276273,3
1697230281275,4
1697230286273,3
1697230291274,3
1697230296274,2
1697230301274,3
1697230306277,5
1697230311278,5
1697230316275,2
1697230321276,2
1697230326277,3
1697230331278,3
1697230336279,5
1697230341277,2
1697230346277,3
1697230351277,2
1697230356277,2
1697230361277,2
1697230366279,4
1697230371278,2
1697230376278,3
1697230381278,3
1697230386278,3
1697230391280,4
1697230396278,2
1697230401278,3
1697230406278,3
1697230411280,4
1697230416280,3
1697230421281,4
1697230426279,2
1697230431279,2
1697230436279,3
1697230441283,4
1697230446281,3
1697230451282,3
1697230456282,3
1697230461284,4
1697230466284,3
1697230471284,3
1697230476285,3
1697230481284,2
1697230486286,4
1697230491286,4
1697230496284,3
1697230501288,6
1697230506285,3
1697230511286,3
1697230516286,2
1697230521287,3
1697230526286,3
1697230531286,3
1697230536286,3
1697230541288,4
1697230546286,3
1697230551286,2
1697230556289,6
1697230561286,3
1697230566286,2
1697230571288,4
1697230576287,3
1697230581290,6
1697230586287,2
1697230591290,5
1697230596287,2
1697230601288,3
1697230606288,3
1697230611287,3
1697230616289,3
1697230621288,2
1697230626288,2
1697230631290,4
1697230636289,3
1697230641289,3
1697230646290,3
1697230651289,3
1697230656289,2
1697230661289,3
1697230666289,3
1697230671292,5
1697230676290,3
1697230681289,2
1697230686289,2
1697230691290,3
1697230696289,3
1697230701289,3
1697230706290,3
1697230711291,4
1697230716291,3
1697230721290,3
1697230726290,3
1697230731290,3
1697230736291,3
1697230741292,3
1697230746292,3
1697230751294,4
1697230756292,2
1697230761292,2
1697230766298,4
1697230771300,5
1697230776297,2
1697230781297,2
1697230786297,2
1697230791298,3
1697230796299,4
1697230801302,6
1697230806299,3
1697230811298,3
1697230816299,3
1697230821299,2
1697230826313,16
1697230831302,5
1697230836299,2
1697230841299,2
1697230846300,2
1697230851301,3
1697230856301,3
1697230861300,3
1697230866301,3
1697230871301,2
1697230876301,2
1697230881301,2
1697230886303,4
1697230891302,2
1697230896302,2
1697230901302,3
1697230906302,2
1697230911304,4
1697230916302,2
1697230921302,2
1697230926302,3
1697230931303,3
1697230936305,4
1697230941303,3
1697230946303,2
1697230951303,3
1697230956304,3
1697230961306,4
1697230966306,5
1697230971304,2
1697230976304,2
1697230981304,3
1697230986304,2
1697230991305,3
1697230996307,5
1697231001304,3
1697231006304,2
1697231011304,2
1697231016305,3
1697231021306,5
1697231026304,2
1697231031304,2
1697231036304,3
1697231041304,3
1697231046306,5
1697231051304,2
1697231056305,2
1697231061305,2
1697231066306,2
1697231071307,3
1697231076307,4
1697231081307,3
1697231086308,3
1697231091308,2
1697231096308,3
1697231101312,6
1697231106308,2
1697231111308,2
1697231116308,2
1697231121308,3
1697231126308,2
1697231131311,5
1697231136308,3
1697231141309,3
1697231146310,3
1697231151309,2
1697231156311,4
1697231161311,5
1697231166316,8
1697231171310,2
1697231176310,2
1697231181311,3
1697231186313,4
1697231191311,2
1697231196311,2
1697231201311,2
1697231206311,3
1697231211314,5
1697231216316,6
1697231221312,2
1697231226312,2
1697231231312,3
1697231236313,3
1697231241315,5
1697231246313,3
1697231251313,2
1697231256313,3
1697231261313,3
1697231266316,5
1697231271317,6
1697231276313,3
1697231281314,3
1697231286314,2
1697231291314,2
1697231296317,5
1697231301315,3
1697231306315,2
1697231311315,2
1697231316315,3
1697231321318,5
1697231326315,2
1697231331315,2
1697231336315,2
1697231341316,3
1697231346315,3
1697231351316,3
1697231356320,6
1697231361316,3
1697231366316,2
1697231371317,3
1697231376318,5
1697231381316,2
1697231386316,3
1697231391316,2
1697231396319,5
1697231401316,2
1697231406318,4
1697231411316,3
1697231416316,2
1697231421317,2
1697231426318,3
1697231431320,4
1697231436320,5
1697231441319,3
1697231446319,3
1697231451318,2
1697231456318,2
1697231461318,2
1697231466318,2
1697231471319,3
1697231476322,5
1697231481320,2
1697231486321,3
1697231491320,2
1697231496320,3
1697231501320,2
1697231506320,2
1697231511321,3
1697231516321,3
1697231521322,4
1697231526320,2
1697231531320,2
1697231536320,3
1697231541320,2
1697231546323,5
1697231551320,2
1697231556321,3
1697231561321,3
1697231566320,3
1697231571321,3
1697231576325,6
1697231581321,3
1697231586322,3
1697231591322,2
1697231596325,6
1697231601324,4
1697231606323,3
1697231611324,3
1697231616324,3
1697231621323,2
1697231626324,3
1697231631324,3
1697231636329,7
1697231641324,3
1697231646325,3
1697231651327,4
1697231656328,5
1697231661325,2
1697231666325,2
1697231671326,3
1697231676327,4
1697231681326,3
1697231686328,5
1697231691325,2
1697231696325,3
1697231701325,2
1697231706336,11
1697231711327,2
1697231716331,6
1697231721327,2
1697231726328,2
1697231731330,4
1697231736329,3
1697231741330,3
1697231746331,3
1697231751330,3
1697231756331,3
1697231761330,2
1697231766333,5
1697231771330,3
1697231776330,2
1697231781331,3
1697231786331,2
1697231791332,3
1697231796331,2
1697231801332,3
1697231806335,5
1697231811334,3
1697231816335,3
1697231821334,3
1697231826334,2
1697231831340,8
1697231836336,3
1697231841335,2
1697231846336,3
1697231851339,6
1697231856336,3
1697231861337,3
1697231866337,3
1697231871337,2
1697231876341,6
1697231881337,2
1697231886337,2
1697231891337,2
1697231896337,2
1697231901338,3
1697231906339,4
1697231911337,2
1697231916339,4
1697231921339,3
1697231926339,3
1697231931343,6
1697231936339,2
1697231941340,3
1697231946340,2
1697231951340,2
1697231956340,3
1697231961343,5
1697231966341,3
1697231971341,2
1697231976341,3
1697231981341,2
1697231986342,3
1697231991344,5
1697231996341,2
1697232001341,2
1697232006342,3
1697232011344,4
1697232016346,6
1697232021342,3
1697232026342,3
1697232031342,2
1697232036342,2
1697232041343,4
1697232046345,5
1697232051343,3
1697232056344,3
1697232061344,2
1697232066345,3
1697232071347,6
1697232076344,2
1697232081344,2
1697232086345,3
1697232091345,2
1697232096351,8
1697232101345,2
1697232106346,3
1697232111347,3
1697232116346,2
1697232121346,2
1697232126350,6
1697232131346,2
1697232136347,3
1697232141346,2
1697232146347,3
1697232151348,3
1697232156351,6
1697232161347,2
1697232166347,3
1697232171347,2
1697232176347,3
1697232181351,6
1697232186347,2
1697232191348,3
1697232196348,2
1697232201348,3
1697232206348,2
1697232211356,10
1697232216349,3
1697232221349,2
1697232226349,2
1697232231350,3
1697232236350,3
1697232241352,5
1697232246349,2
1697232251349,2
1697232256349,2
1697232261349,3
1697232266350,3
1697232271352,5
1697232276350,2
1697232281351,3
1697232286350,3
1697232291351,3
1697232296353,5
1697232301350,3
1697232306350,3
1697232311350,3
1697232316350,2
1697232321354,6
1697232326352,3
1697232331352,2
1697232336352,2
1697232341353,3
1697232346356,5
1697232351358,6
1697232356354,2
1697232361354,2
1697232366354,3
1697232371354,3
1697232376356,4
1697232381359,6
1697232386356,3
1697232391357,3
1697232396358,3
1697232401358,3
1697232406361,3
1697232411363,4
1697232416362,3
1697232421362,2
1697232426363,3
1697232431363,2
1697232436364,3
1697232441367,6
1697232446365,3
1697232451364,2
1697232456364,3
1697232461364,2
1697232466367,5
1697232471364,2
1697232476364,2
1697232481364,2
1697232486365,3
1697232491365,3
1697232496368,6
1697232501365,3
1697232506365,2
1697232511365,2
1697232516365,2
1697232521366,3
1697232526368,5
1697232531366,3
1697232536365,2
1697232541365,2
1697232546365,3
1697232551366,3
1697232556370,6
1697232561366,2
1697232566366,2
1697232571367,3
1697232576367,3
1697232581370,6
1697232586367,2
1697232591367,2
1697232596367,2
1697232601368,3
1697232606372,6
1697232611369,2
1697232616369,2
1697232621369,3
1697232626369,2
1697232631369,2
1697232636372,5
1697232641369,2
1697232646369,2
1697232651371,4
1697232656369,2
1697232661371,4
1697232666373,6
1697232671370,2
1697232676370,2
1697232681371,3
1697232686372,3
1697232691375,6
1697232696372,3
1697232701372,2
1697232706374,4
1697232711373,2
1697232716377,6
1697232721374,2
1697232726374,2
1697232731374,2
1697232736374,3
1697232741375,4
1697232746376,5
1697232751375,3
1697232756376,4
1697232761374,2
1697232766376,4
1697232771379,6
1697232776375,2
1697232781376,3
1697232786376,2
1697232791376,3
1697232796377,3
1697232801380,6
1697232806378,3
1697232811377,3
1697232816377,3
1697232821378,3
1697232826380,4
1697232831383,5
1697232836381,3
1697232841381,2
1697232846382,3
1697232851381,2
1697232856381,2
1697232861385,6
1697232866381,3
1697232871381,3
1697232876381,3
1697232881382,3
1697232886382,3
1697232891384,5
1697232896381,3
1697232901381,2
1697232906381,2
1697232911382,3
1697232916384,5
1697232921381,3
1697232926381,2
1697232931381,2
1697232936381,2
1697232941381,2
1697232946385,6
1697232951381,2
1697232956381,3
1697232961382,3
1697232966382,3
1697232971382,2
1697232976385,5
1697232981383,3
1697232986384,3
1697232991383,2
1697232996383,2
1697233001386,5
1697233006385,5
1697233011383,2
1697233016383,2
1697233021384,3
1697233026386,4
1697233031389,6
1697233036386,2
1697233041386,2
1697233046386,2
1697233051387,3
1697233056389,5
1697233061386,2
1697233066387,3
1697233071388,3
1697233076388,3
1697233081389,3
1697233086391,5
1697233091388,2
1697233096389,2
1697233101390,3
1697233106392,4
1697233111395,6
1697233116392,3
1697233121393,3
1697233126393,2
1697233131393,2
1697233136394,3
1697233141397,6
1697233146393,2
1697233151394,3
1697233156395,3
1697233161395,2
1697233166396,3
1697233171399,6
1697233176396,2
1697233181396,2
1697233186397,3
1697233191398,3
1697233196402,7
1697233201397,2
1697233206397,3
1697233211397,2
1697233216397,3
1697233221398,3
1697233226401,6
1697233231397,2
1697233236398,3
1697233241399,3
1697233246400,3
1697233251403,6
1697233256400,3
1697233261400,2
1697233266400,2
1697233271401,3
1697233276402,3
1697233281405,6
1697233286402,4
1697233291401,2
1697233296401,3
1697233301401,2
1697233306402,3
1697233311405,6
1697233316401,2
1697233321401,3
1697233326401,2
1697233331404,5
1697233336403,3
1697233341406,6
1697233346402,2
1697233351403,3
1697233356404,3
1697233361403,2
1697233366404,3
1697233371406,5
1697233376405,3
1697233381405,3
1697233386405,3
